# Event:     2006-BLG-98
# Object ID: gb11-9-260
# Reference flux = 2088.4
3646.85565 589.016 364.429
3646.94571 812.498 446.821
3647.88795 919.334 487.455
3648.94846 1122.57 622.324
3649.85253 611.737 384.046
3649.90891 694.822 704.48
3649.94768 1876.02 456.402
3655.8778 345.336 775.027
3655.93635 1487.52 781.434
3658.91348 2436.44 729.575
3659.86275 1966.86 1194.62
3659.91085 864.602 1035.98
3665.89902 1227.48 692.845
3666.87308 1992.65 734.095
3666.9114 1237.23 414.722
3667.86891 1119.45 553.037
3667.91588 693.182 450.624
3676.88746 975.246 1053.89
3792.15395 -1.70356 410.139
3792.19194 503.879 585.92
3795.08638 -2146.2 872.725
3795.14923 -512.322 794.566
3795.18719 -2689.34 1916.26
3799.13584 848.811 752.878
3799.17393 1530.74 661.882
3824.10141 722.873 303.24
3824.14097 488.2 412.981
3824.1796 420.919 416.716
3824.20502 536.96 318.995
3825.10323 386.39 255.111
3825.18697 445.077 381.197
3825.22927 844.358 485.976
3837.12626 307.972 276.622
3837.17317 65.6598 344.03
3837.21397 504.314 246.888
3839.07201 720.692 366.006
3839.11183 329.443 376.979
3839.15159 32.6944 295.388
3839.19132 647.261 423.226
3839.23075 64.5899 380.036
3843.00353 118.769 963.584
3843.04056 673.733 707.126
3843.06946 1572.73 626.684
3843.09761 1927.83 597.429
3843.12606 173.282 613.792
3845.13628 54.2562 135.774
3845.98227 -96.4708 908.715
3855.01543 712.488 273.375
3855.04037 847.869 278.291
3855.06668 555.221 350.238
3855.11689 575.696 367.39
3855.94927 234.613 354.292
3855.97539 318.736 473.263
3856.00139 1224.75 796.63
3856.06315 937.236 523.95
3856.09028 851.174 503.203
3856.11722 422.474 489.854
3856.14625 690.125 532.089
3856.17242 1101.45 561.008
3856.19973 1308.04 611.834
3856.23131 448.389 559.586
3856.25754 1482.16 570.653
3858.938 156.283 249.633
3858.96769 661.132 318.165
3858.99383 494.887 281.887
3859.02281 628.89 292.964
3859.04994 1002.28 286.438
3859.07881 950.018 300.938
3859.10722 875.471 295.199
3859.13335 778.975 370.847
3859.15946 303.39 526.136
3859.18883 877.939 393.645
3859.2197 895.416 359.748
3859.24592 1582.36 378.083
3859.27211 1508.18 478.563
3859.97463 593.465 516.057
3860.00367 1526.63 594.35
3860.02978 490.974 422.494
3860.06034 586.86 251.547
3860.08646 521.659 364.197
3860.11262 268.664 312.88
3860.14115 321.539 319.89
3860.16737 434.956 384.624
3860.19474 665.926 358.176
3860.22325 698.908 462.756
3860.24945 1441.68 324.724
3860.93235 419.047 299.863
3860.96098 591.007 374.161
3860.98712 711.494 423.068
3861.01324 708.511 307.281
3861.03938 731.148 431.505
3861.06801 891.134 507.997
3861.09416 508.334 482.905
3861.12312 708.022 531.565
3861.14925 665.422 462.162
3861.17835 637.465 607.329
3861.20785 527.18 578.736
3861.23407 1474.58 455.898
3861.26022 1137.86 515.474
3861.93421 443.506 249.63
3861.9626 470.195 293.739
3861.98873 721.619 354.247
3862.0166 587.847 303.92
3862.04595 938.389 315.902
3862.07207 473.972 310.161
3862.09819 329.652 312.138
3862.12431 745.993 311.203
3862.1517 591.84 285.953
3862.17798 631.405 323.941
3862.20529 450.427 419.568
3862.23385 1586.45 358.936
3862.26002 1156.36 473.513
3863.93294 417.69 313.926
3863.95908 192.798 367.497
3863.98519 929.684 355.464
3864.01138 464.395 297.413
3864.03752 521.441 288.451
3864.06364 361.388 279.01
3864.08977 11.2772 335.685
3864.11593 491.903 499.142
3864.14205 868.742 415.355
3864.16829 933.546 474.473
3864.20035 477.582 376.328
3864.22656 1574.91 412.402
3864.25273 1707.16 449.479
3867.94294 800.744 355.905
3867.97011 510.713 444.321
3867.99792 193.976 489.303
3868.02821 671.977 449.238
3868.06028 479.654 414.238
3868.09113 147.047 434.471
3868.12738 600.609 426.01
3868.16441 449.218 442.896
3868.20427 305.046 451.104
3868.24058 1075.7 471.687
3868.27621 208.623 529.782
3872.94772 1103.68 616.46
3872.98386 251.901 722.87
3873.01963 750.408 591.806
3873.05596 -183.034 751.901
3873.09333 905.013 842.179
3873.129 811.866 463.905
3873.16627 894.187 442.303
3873.20475 1218.04 452.531
3873.24316 1607.54 721.254
3873.27878 744.017 1441.59
3873.92306 364.914 298.499
3873.96148 457.974 506.281
3873.99798 988.784 411.097
3874.03381 510.481 372.118
3874.06966 66.1857 412.184
3874.10834 455.705 423.565
3874.14438 863.291 414.677
3874.18489 394.738 356.045
3874.22143 921.546 396.301
3874.26184 1166.7 512.285
3874.92841 188.669 331.693
3874.96439 628.247 277.805
3875.00053 650.135 398.409
3875.03692 697.539 389.236
3875.07351 774.067 348.633
3875.11011 340.929 313.593
3875.14683 1269.44 345.894
3875.18745 650.414 480.17
3875.22404 1316.3 371.11
3875.26183 937.515 374.638
3879.96868 379.314 336.296
3880.00452 738.871 370.125
3880.04069 432.711 368.318
3880.07677 926.916 377.504
3880.11647 483.285 431.655
3880.15376 583.53 461.433
3880.19284 1394.91 468.471
3880.22939 941.639 526.953
3880.27077 909.944 396.567
3881.0497 949.507 782.741
3881.09044 -571.066 694.439
3882.93747 2170.5 1653.51
3883.01526 599.389 389.246
3883.05275 373.43 352.664
3883.09003 392.811 355.242
3883.12587 412.065 372.797
3883.16846 959.536 336.619
3883.20785 736.299 348.423
3883.25266 951.903 316.857
3883.29025 986.67 418.33
3885.06798 1297.71 1770.64
3885.17398 1165.2 452.977
3885.93733 476.993 422.831
3885.97404 780.047 432.526
3886.0097 611.769 464.684
3886.04531 342.431 371.372
3886.08092 718.175 462.026
3886.12113 929.023 708.085
3887.17767 994.419 469.168
3887.21366 478.342 461.123
3887.24951 845.001 426.355
3887.28545 1075.64 445.449
3887.90178 781.374 349.874
3887.9385 592.8 354.601
3887.97765 525.203 355.371
3888.014 614.347 456.344
3888.05121 638.239 427.386
3888.08819 612.662 469.655
3888.12692 828.022 511.063
3888.1658 1470.65 408.564
3888.20318 644.586 497.088
3888.23962 709.537 471.145
3888.27604 1238.24 476.791
3889.01083 698.609 469.128
3889.05927 664.024 662.604
3891.85939 541.438 285.945
3891.901 969.938 289.314
3891.93898 1041.57 272.081
3891.98061 545.475 284.661
3892.01624 468.898 386.042
3892.05445 587.915 373.435
3892.09023 678.1 380.813
3892.12973 178.691 313.033
3892.28025 1179.93 329.747
3892.87314 -286.618 522.485
3892.91617 -2316.64 1370.3
3893.03362 -991.139 661.866
3893.06582 -275.611 641.682
3893.13513 992.019 448.724
3893.16619 739.656 393.901
3893.2032 770.214 840.379
3893.23407 752.172 576.324
3893.26527 1567.11 498.812
3893.29692 1112.89 808.845
3893.83881 218.028 405.09
3893.87156 503.415 472.834
3893.90371 671.585 431.395
3893.94116 759.599 456.595
3893.97819 488.274 540.653
3894.02247 428.498 504.284
3894.05964 457.204 431.254
3894.10032 721.459 493.004
3894.13998 909.73 536.057
3894.18276 764.115 524.734
3894.2197 847.377 572.642
3894.25531 864.279 501.934
3894.2928 472.362 632.759
3894.84328 -75.2772 336.358
3894.88571 731.879 378.36
3894.92412 410.688 310.788
3894.96185 836.576 334.261
3895.00315 575.725 277.893
3895.04968 -184.017 323.556
3895.0908 684.737 367.207
3895.13143 731.593 333.406
3895.16814 831.537 373.323
3895.20835 537.63 351.923
3895.24698 1092.89 377.666
3895.28448 981.798 402.348
3896.04162 71.9087 668.765
3896.07879 -1334.5 1306.06
3896.86678 -519.216 972.371
3902.93769 1293.94 368.993
3902.97507 504.26 280.369
3903.01247 954.066 380.416
3903.08245 190.05 449.694
3903.2192 459.328 389.625
3903.25672 803.58 365.277
3903.86517 1023.35 1334.47
3903.90295 1120.88 347.995
3903.96732 398.252 1683.28
3904.00553 905.864 339.152
3904.05233 666.309 452.181
3905.18974 643.275 381.08
3905.85319 386.498 352.966
3905.8967 362.436 258.234
3905.93353 881.459 363.997
3905.97063 452.011 376.004
3906.00746 971.813 440.966
3906.04414 548.01 469.567
3906.08125 501.4 510.944
3906.12219 1440.64 470.102
3906.15785 730.994 455.182
3906.19495 779.555 455.097
3906.23437 1093.46 471.541
3906.27075 1096.82 361.722
3906.81802 -729.512 997.992
3907.16175 -709.343 682.62
3907.19759 1289.03 507.367
3907.92597 716.623 246.991
3907.96835 147.655 249.471
3908.00445 735.924 306.62
3908.04068 -63.4735 338.727
3908.07831 -322.819 295.674
3908.12313 825.658 293.06
3908.16373 671.446 408.776
3908.20437 1233.24 293.743
3908.24033 1219.25 1191.21
3909.99773 852.499 354.067
3910.04464 636.953 387.244
3910.81999 176.247 342.989
3910.85688 602.346 382.946
3910.89332 682.522 393.804
3910.92931 851.813 504.016
3910.96534 675.555 488.339
3911.00131 407.519 507.137
3911.03817 725.269 519.444
3911.07803 710.837 553.358
3911.11405 977.811 549.786
3911.15 915.396 439.621
3911.18595 823.24 371.686
3911.22196 1412.84 449.014
3911.25784 1576.27 397.51
3911.82122 400.69 246.576
3911.85732 540.813 260.702
3911.89346 680.202 388.334
3911.92955 523.703 418.105
3911.96563 543.77 375.891
3912.00169 561.834 503.053
3912.03785 833.367 522.022
3912.07787 720.379 701.918
3912.11396 1112.3 543.768
3912.14999 652.927 494.733
3912.18622 641.418 488.727
3912.22222 992.813 454.303
3912.79176 -65.9001 280.172
3912.82779 456.288 298.147
3912.86386 645.131 351.393
3912.89994 707.099 427.662
3912.93649 602.073 462.844
3912.97327 461.29 437.715
3913.01012 453.103 349.222
3913.04824 414.924 475.73
3913.0878 1058.41 352.714
3913.12458 545.051 486.95
3913.16141 478.795 477.468
3913.19865 1033.38 502.618
3913.23645 1413.51 467.468
3913.79065 706.347 268.9
3913.82742 579.614 347.658
3913.86414 552.458 284.398
3913.9008 469.211 302.386
3913.93753 545.619 379.076
3913.97439 383.684 313.989
3914.01114 644.518 304.41
3914.04927 655.598 408.352
3914.08869 1321.53 341.242
3914.12521 875.996 434.449
3914.1612 590.973 427.985
3914.19721 848.786 380.53
3914.23297 1329.29 363.431
3914.8211 339.662 420.446
3914.85726 122.478 527.589
3914.89379 856.131 541.659
3914.92983 362.184 347.025
3914.97816 663.106 473.854
3915.01552 1013.0 424.586
3915.0529 735.275 657.6
3916.14676 1178.28 450.619
3916.19029 1557.57 449.447
3916.80083 647.256 424.207
3916.84259 763.51 377.201
3916.8789 768.177 407.346
3916.91627 683.326 398.362
3916.95393 484.83 396.242
3916.99078 611.365 432.06
3917.03156 479.592 498.96
3917.07271 457.095 555.093
3917.10958 1346.91 474.018
3917.19746 924.96 379.012
3917.79802 931.423 285.359
3917.83398 418.117 405.361
3917.8714 475.604 269.513
3917.90855 700.326 333.517
3917.9452 265.015 307.59
3917.98199 495.173 345.491
3918.0897 1373.32 323.858
3919.18235 839.47 1135.45
3920.90534 556.459 308.377
3921.02112 451.95 326.605
3921.09513 641.713 341.539
3921.17092 1161.99 527.028
3921.81483 612.471 358.329
3921.89955 391.187 293.578
3922.08639 642.715 361.934
3922.15641 790.072 305.054
3922.80319 1078.95 719.373
3922.84377 -199.596 1307.42
3922.88864 707.33 445.793
3922.93017 42.6601 479.34
3922.9709 827.837 553.494
3923.01157 889.512 562.485
3923.05657 1441.49 552.831
3923.10992 113.098 538.521
3923.15234 1006.17 382.476
3923.19296 966.999 339.456
3927.86716 4228.73 1667.59
3927.94694 345.444 889.297
3927.98626 1114.48 537.08
3928.02333 -788.548 994.349
3929.82041 587.102 321.818
3929.85774 1303.62 401.173
3929.89485 1292.73 420.861
3930.82742 1033.95 285.589
3930.86365 910.574 357.719
3930.89999 705.405 635.594
3930.93577 1764.94 529.037
3930.97293 593.153 328.789
3931.0139 437.792 315.672
3931.05335 1049.58 424.229
3931.08958 619.306 370.668
3931.12676 866.227 448.886
3931.16314 1492.53 343.025
3931.20017 628.545 626.503
3931.79915 1986.34 382.66
3931.8349 1858.13 231.516
3931.87071 1743.0 358.045
3931.90647 1347.63 325.505
3931.94315 1475.61 367.892
3931.97927 2017.34 439.061
3932.02038 1847.68 443.602
3932.05741 2352.21 389.693
3932.09324 2028.77 384.441
3932.12907 2606.56 358.224
3932.1666 3040.95 444.892
3932.20286 3276.58 350.97
3932.81735 11220.5 1314.31
3932.85378 18919.0 497.77
3932.88953 25352.9 569.069
3932.92531 37016.3 671.171
3932.96117 61938.7 661.434
3932.9985 76078.5 984.655
3933.03727 54856.0 740.896
3933.07418 33004.7 553.641
3933.11005 22735.8 456.889
3933.14621 17471.6 473.302
3933.18215 14153.0 403.634
3936.79846 544.484 378.083
3936.83609 228.734 326.267
3936.87241 165.323 992.927
3936.90961 50.0684 377.067
3936.94609 565.727 297.638
3936.98434 375.15 443.138
3937.02474 1095.54 452.781
3937.16528 -76.7128 609.769
3937.93541 596.447 248.436
3937.97189 624.906 280.184
3938.01106 419.332 353.746
3938.0478 989.394 334.481
3938.79302 468.46 388.354
3938.83019 990.148 300.29
3938.86796 791.485 336.589
3938.90474 350.378 342.829
3938.94219 549.502 272.781
3938.98037 621.626 248.344
3939.01965 1102.29 335.47
3939.05754 848.083 336.408
3939.09386 853.951 385.174
3939.13104 1092.23 321.609
3939.16839 -156.618 675.598
3939.98678 310.454 272.479
3940.86345 -0.314166 304.809
3940.97405 10.9383 304.707
3941.0138 475.275 755.263
3941.06085 431.913 437.454
3941.09773 707.869 294.416
3941.13403 887.974 300.488
3941.17065 906.361 338.548
3941.79421 714.188 260.829
3941.83507 585.055 255.484
3941.87089 400.573 296.765
3941.90666 997.57 425.832
3941.94247 661.709 424.285
3941.98084 604.017 477.28
3942.01929 1337.55 438.234
3942.05501 738.401 454.16
3942.09123 504.05 410.867
3942.127 960.387 401.234
3942.16271 1350.02 360.879
3942.78972 440.036 286.789
3942.82553 590.913 410.739
3942.86129 673.512 337.307
3942.89713 534.582 391.513
3942.93293 630.957 346.315
3942.97155 651.474 448.109
3943.00999 971.531 401.389
3943.04595 892.149 525.817
3943.0819 614.358 454.871
3943.11766 978.549 442.891
3943.15341 1230.76 399.437
3943.79091 401.257 284.917
3943.82672 570.991 372.602
3943.86277 566.744 341.602
3943.90036 969.236 383.032
3943.93656 456.36 362.328
3943.97381 480.34 473.302
3944.01232 1398.37 415.052
3944.04954 767.154 408.136
3944.08541 674.72 504.934
3944.12122 887.043 419.72
3944.15718 1251.55 389.323
3944.79089 624.729 362.471
3944.82712 729.823 392.14
3944.86295 650.705 456.193
3944.89882 1057.77 406.095
3944.93484 757.933 513.649
3944.97306 577.242 579.844
3945.0116 1646.82 494.103
3945.048 245.264 494.635
3945.08383 885.408 431.649
3947.90234 228.647 466.464
3947.93904 986.878 263.2
3947.97875 106.648 475.26
3948.01494 1282.51 345.618
3948.12268 1393.43 426.894
3948.166 50.9395 344.405
3948.794 389.103 347.482
3948.83249 322.807 385.046
3948.87319 579.808 305.651
3948.91391 819.304 379.859
3949.051 -3424.77 1908.54
3950.99415 777.433 417.545
3951.03676 311.179 506.884
3951.08227 676.695 436.538
3951.12298 1347.68 364.608
3951.81207 583.681 365.792
3951.85333 437.794 408.138
3951.89501 595.413 455.223
3951.93657 779.98 584.291
3951.98109 1136.76 593.759
3952.0222 1016.68 614.634
3952.0633 490.914 487.661
3952.10497 1220.82 530.381
3952.14632 503.037 431.728
3956.9674 623.02 1195.4
3957.01491 444.439 513.369
3957.05548 404.087 512.305
3957.09167 898.185 483.322
3957.13593 2091.82 585.762
3957.85609 186.939 475.837
3957.89181 692.422 430.068
3957.92922 936.685 557.427
3957.96831 1205.49 501.535
3958.00937 740.971 437.892
3958.04577 806.042 431.866
3958.08163 778.367 470.885
3958.11869 1771.3 460.598
3958.80603 775.642 330.718
3958.84176 613.65 411.277
3958.87785 341.71 343.87
3958.91363 750.224 461.965
3958.95333 453.87 427.465
3958.98923 871.291 383.766
3959.02503 585.059 395.173
3959.06159 886.134 371.734
3959.92516 484.317 288.566
3959.96097 1122.5 310.35
3959.99674 917.164 317.608
3960.03338 1055.93 476.655
3960.81233 504.367 289.307
3961.80885 661.615 270.509
3961.84699 488.645 388.792
3961.89213 691.821 451.095
3961.93711 559.919 426.057
3961.9783 1007.61 365.718
3962.0188 879.375 512.682
3962.061 911.632 368.516
3962.10156 1255.4 382.351
3962.80851 491.568 336.209
3962.84441 395.96 415.945
3962.88428 598.772 354.252
3962.93093 408.599 494.807
3962.97399 1510.19 383.212
3963.01566 852.306 484.13
3963.05616 674.044 530.372
3963.09665 1030.81 423.74
3963.805 401.776 336.809
3963.84071 852.594 655.602
3963.87834 494.167 450.178
3963.99018 531.445 283.887
3964.02664 663.07 300.184
3964.06482 1190.57 311.99
3964.10166 1207.19 319.051
3965.83201 -309.678 737.934
3966.85308 -1290.42 739.362
3966.89181 562.652 234.65
3966.97471 -2223.71 1247.21
3967.81629 702.562 370.634
3967.85631 160.189 350.996
3967.89335 -360.154 469.719
3967.94832 -1181.85 1162.43
3968.00367 700.444 537.225
3968.03938 -1362.49 1170.55
3968.07509 1203.42 828.228
3968.11095 996.213 1058.59
3969.08119 1266.38 739.481
3969.81244 452.346 567.548
3969.85976 700.482 425.838
3969.89764 592.601 447.1
3969.93761 -55.5459 488.945
3970.01168 727.749 355.952
3970.04842 1168.82 339.892
3970.08652 1162.16 346.587
3970.80465 397.934 421.965
3970.84093 582.133 493.724
3970.87735 729.042 522.421
3970.9178 598.04 537.866
3970.95587 1453.77 552.547
3970.99487 722.931 615.418
3971.03489 772.314 363.475
3971.07273 1743.62 501.195
3971.96773 925.143 332.725
3972.00629 265.703 792.72
3972.04266 1243.22 436.208
3972.07901 1922.56 507.953
3972.11839 1253.37 730.474
3972.80835 562.519 303.225
3972.84466 602.431 282.234
3972.88249 877.548 778.132
3972.92166 793.007 415.352
3972.9582 673.89 500.246
3972.9946 762.203 358.828
3973.031 769.555 334.631
3973.8542 424.8 375.0
3973.89179 497.475 524.067
3974.04658 1025.81 321.42
3974.08311 957.843 422.375
3974.81354 708.348 313.405
3974.84995 371.844 392.132
3974.88764 588.867 605.825
3974.92672 1267.8 424.303
3974.96305 941.867 291.864
3974.99959 1052.86 292.175
3975.03632 743.022 389.505
3975.0728 1145.75 337.806
3975.10986 1164.21 356.928
3975.98642 474.015 600.373
3976.9238 737.683 598.093
3976.9604 -320.603 875.441
3976.99686 -743.764 909.966
3977.81231 742.99 451.422
3977.84909 206.292 306.801
3977.88661 72.3508 294.731
3977.92573 545.749 382.729
3977.96196 917.724 525.248
3977.99915 883.908 447.183
3978.03538 -2409.84 1411.6
3978.09078 -2536.77 1990.76
3979.03363 875.729 374.392
3979.07003 814.684 464.147
3981.82333 594.616 1224.76
3981.90616 1715.73 1186.12
3981.93439 152.559 780.174
3981.96266 2105.09 1034.05
3981.99115 1031.25 723.797
3982.0195 2566.73 803.398
3982.04992 966.676 989.621
3983.82879 649.952 375.909
3983.89025 1642.24 1063.87
3985.83194 181.977 481.328
3985.86286 -261.59 405.377
3985.89578 1337.85 510.219
3985.92603 1216.38 596.232
3985.9583 882.102 510.886
3985.99038 2288.98 712.612
3986.0203 991.985 533.025
3986.0516 234.953 794.583
3986.07449 2815.7 1215.83
3986.96145 762.705 476.258
3986.99012 853.912 572.255
3987.01946 285.485 511.131
3987.05377 787.262 503.24
3988.93727 766.64 378.624
3988.97057 851.433 373.984
3988.99925 1134.07 428.245
3989.02792 1910.5 437.121
3989.05821 1298.01 458.691
3989.06775 255.77 429.971
3989.83684 621.787 453.782
3989.87377 538.706 458.037
3989.9095 1107.08 299.881
3989.9527 824.811 350.814
3989.99586 1657.4 312.817
3990.0316 1877.39 411.744
3990.05907 1196.97 569.275
3990.06621 1745.27 575.538
3990.06959 -249.853 971.064
3990.98949 1573.99 402.312
3991.02596 1021.89 486.579
3991.82928 500.215 357.684
3991.86646 571.612 338.524
3991.90258 656.402 328.469
3991.93985 478.456 382.466
3991.97652 927.577 374.979
3992.01255 1213.15 373.657
3992.04989 492.972 344.996
3992.06136 1192.11 412.828
3992.06448 559.925 344.407
4004.83958 972.97 487.186
4004.87731 689.301 350.782
4004.91367 1463.02 390.82
4004.95195 692.206 524.609
4005.00625 621.362 510.911
4005.02554 87.7484 980.445
4005.02915 350.951 709.539
4005.8569 1081.48 375.944
4005.89671 3010.18 825.005
4005.92101 1788.6 740.856
4005.98369 1184.42 334.979
4006.01546 803.21 305.071
4006.0242 803.195 319.627
4006.02662 900.631 333.166
4006.02782 694.179 339.287
4007.83835 1249.21 671.118
4007.86294 933.068 543.0
4007.88514 1137.74 406.89
4014.9582 1149.65 434.48
4015.92605 1349.56 544.217
4015.96539 1093.32 838.443
4015.99152 1262.32 563.915
4015.99864 1561.39 707.087
4015.99983 994.189 624.454
4018.8928 970.584 339.325
4018.92844 1979.99 633.182

